Fold: 0
Performance: 0.36
Run time: 844.619772748

Fold: 1
Performance: 0.396
Run time: 110.985493815

Fold: 2
Performance: 0.423
Run time: 107.700585977

Fold: 3
Performance: 0.4065
Run time: 84.97904548

Fold: 4
Performance: 0.391
Run time: 83.205816574

Fold: 5
Performance: 0.3815
Run time: 81.037781052

Fold: 6
Performance: 0.407
Run time: 81.431835787

Fold: 7
Performance: 0.427
Run time: 95.191257735

Fold: 8
Performance: 0.405
Run time: 82.710336343

Fold: 9
Performance: 0.269
Run time: 84.815691259

*****************************************************************
Error: 0.38660000000000005
Run time: 165.667761677

Confusion Matrix (Horizontal = Actual, Vertical = Expected)
   |      A     B     C     D     E     F     G     H     I     J     K     L     M     N     O     P     Q     R     S     T     U     V     W     X     Y     Z
------------------------------------------------------------------------------------------------------------------------------------------------------------------
 A |     66     0     0     0     0     0     0     0     0     0     0     0     0     0     0     0     0     0     0     0     0     0     0     0     0    13
 B |      4     0     0     0     0     0     0     0     0     0     0     0     0     0     0     0     0     0     0     0     0     0     0     0     0    67
 C |      3     0     0     0     0     0     0     0     0     0     0     0     0     0     0     0     0     0     0     0     1     0     0     0     0    71
 D |      3     0     0     0     0     0     0     0     0     0     0     0     0     0     0     0     0     0     0     0     0     0     0     0     0    71
 E |      1     0     0     0     0     0     0     0     0     0     0     0     0     0     0     0     0     0     0     0     0     0     0     0     0    77
 F |      0     0     0     0     0    22     0     0     0     0     0     0     0     0     0    17     0     0     0     3     0     0     0     0     0    38
 G |      5     0     0     0     0     0     0     0     0     0     0     0     1     0     0     0     0     0     0     0     0     0     0     0     0    75
 H |      4     0     0     0     0     0     0     8     0     0     0     0     0     3     0     0     0     0     0     0     0     0     0     0     0    52
 I |      7     0     0     0     0     0     0     0    36     0     0     0     0     0     0     1     0     0     0     0     0     0     0     0     0    33
 J |      7     0     0     0     0     0     0     0     3    25     0     0     0     0     0     0     0     0     0     0     0     0     0     0     0    38
 K |      8     0     0     0     0     0     0     0     0     0     0     0     0     0     0     0     0     0     0     0     0     0     0     0     0    61
 L |      0     0     0     0     0     0     0     0     0     0     0    31     0     0     0     0     0     0     0     0     0     0     0     0     0    47
 M |     11     0     0     0     0     0     0     0     0     0     0     0    47     1     0     0     0     0     0     0     0     0     1     0     0    13
 N |      8     0     0     0     0     0     0    13     0     0     0     0     0     3     0     0     0     0     0     0     0     1     3     0     0    57
 O |      8     0     0     0     0     0     0     0     0     0     0     0     0     0     0     0     0     0     0     0     0     0     0     0     0    65
 P |      1     0     0     0     0     0     0     0     0     0     0     0     0     0     0    51     0     0     0     0     0     0     0     0     0    32
 Q |     15     0     0     0     0     0     0     0     0     0     0     0     0     0     0     0     0     0     0     0     0     0     0     0     0    57
 R |      7     0     0     0     0     0     0     0     0     0     0     0     0     0     0     2     0     0     0     0     0     0     0     0     0    70
 S |      3     0     0     0     0     0     0     0     0     0     0     0     0     0     0     0     0     0     2     0     0     0     0     0     0    66
 T |      0     0     0     0     0     0     0     0     1     0     0     0     0     0     0     0     0     0     0    50     0     0     0     0     0    43
 U |      1     0     0     0     0     0     0     0     0     0     0     0     0     0     0     0     0     0     0     0    31     0     0     0     0    59
 V |      2     0     0     0     0     2     0     0     0     0     0     0     0     0     0     1     0     0     0     0     0    31     3     0     0    32
 W |      5     0     0     0     0     0     0     0     0     0     0     0     1     0     0     0     0     0     0     0     0     0    52     0     0    11
 X |      3     0     0     0     0     0     0     0     0     0     0     0     0     0     0     0     0     0     0     0     0     0     0     0     0    83
 Y |      0     0     0     0     0     1     0     0     1     0     0     0     0     0     0     0     0     0     0    13     0    18     0     0     4    31
 Z |      3     0     0     0     0     0     0     0     0     0     0     0     0     0     0     0     0     0     0     0     0     0     0     0     0    79


          |      A     B     C     D     E     F     G     H     I     J     K     L     M     N     O     P     Q     R     S     T     U     V     W     X     Y     Z
-------------------------------------------------------------------------------------------------------------------------------------------------------------------------
precision |  0.377   NaN   NaN   NaN   NaN 0.880   NaN 0.381 0.878 1.000   NaN 1.000 0.959 0.429   NaN 0.708   NaN   NaN 1.000 0.758 0.969 0.620 0.881   NaN 1.000 0.059
   recall |  0.835 0.000 0.000 0.000 0.000 0.275 0.000 0.119 0.468 0.342 0.000 0.397 0.644 0.035 0.000 0.607 0.000 0.000 0.028 0.532 0.341 0.437 0.754 0.000 0.059 0.963