Fold: 0
Performance: 0.8825622775800712
Run time: 57.38867633

Fold: 1
Performance: 0.9288256227758007
Run time: 12.745984628

Fold: 2
Performance: 0.9661921708185054
Run time: 11.897090963

Fold: 3
Performance: 0.9039145907473309
Run time: 11.163859553

Fold: 4
Performance: 0.9501779359430605
Run time: 11.623328071

Fold: 5
Performance: 0.9128113879003559
Run time: 10.381074399

Fold: 6
Performance: 0.9395017793594306
Run time: 11.433120211

Fold: 7
Performance: 0.9092526690391459
Run time: 12.514998209

Fold: 8
Performance: 0.9341637010676157
Run time: 10.233327966

Fold: 9
Performance: 0.9377224199288257
Run time: 8.408622504

*****************************************************************
Error: 0.9265124555160142
Run time: 15.779008283

Confusion Matrix (Horizontal = Actual, Vertical = Expected)
   |      0     1     2     3     4     5     6     7     8     9
------------------------------------------------------------------
 0 |     54     0     0     0     1     0     0     0     0     0
 1 |      0    56     0     0     1     1     0     0     0     0
 2 |      0     0    54     0     0     0     0     0     0     0
 3 |      0     0     0    50     0     3     0     4     0     0
 4 |      0     0     0     0    59     0     0     0     0     0
 5 |      0     0     0     0     0    56     0     0     0     0
 6 |      0     0     0     0     8     0    49     0     0     0
 7 |      0     0     0     0     0     0     0    57     0     0
 8 |      0     3     0     0     1     2     0     2    44     1
 9 |      5     0     0     2     0     1     0     0     0    48


          |      0     1     2     3     4     5     6     7     8     9
-------------------------------------------------------------------------
precision |  0.915 0.949 1.000 0.962 0.843 0.889 1.000 0.905 1.000 0.980
   recall |  0.982 0.966 1.000 0.877 1.000 1.000 0.860 1.000 0.830 0.857