Fold: 0
Performance: 0.9417652411282984
Run time: 3.188980641

Fold: 1
Performance: 0.9454049135577798
Run time: 3.118333724

Fold: 2
Performance: 0.9426751592356688
Run time: 3.047252452

Fold: 3
Performance: 0.935395814376706
Run time: 2.748093391

Fold: 4
Performance: 0.9144676979071884
Run time: 2.529061491

Fold: 5
Performance: 0.9335759781619655
Run time: 2.391119391

Fold: 6
Performance: 0.9381255686988171
Run time: 2.466136982

Fold: 7
Performance: 0.9226569608735213
Run time: 2.633180245

Fold: 8
Performance: 0.908098271155596
Run time: 2.567394947

Fold: 9
Performance: 0.9508644222020018
Run time: 2.563070072

*****************************************************************
Error: 0.9333030027297544
Run time: 2.725262333

Confusion Matrix (Horizontal = Actual, Vertical = Expected)
   |      0     1     2     3     4     5     6     7     8     9
------------------------------------------------------------------
 0 |    106     0     0     0     0     0     0     0     0     0
 1 |      0    91    19     0     0     0     0     0     0     0
 2 |      0     0   120     0     0     0     0     0     0     0
 3 |      0     0     0   115     0     0     0     0     0     1
 4 |      0     2     0     0   114     0     2     0     0     0
 5 |      0     6     0     3     0    88     0     0     0     2
 6 |      0     1     0     0     0     0   104     0     0     0
 7 |      0     4    12     0     0     0     0    94     0     0
 8 |      0     0     0     0     0     0     0     0   104     0
 9 |      0     0     0     0     0     0     0     2     0   109


          |      0     1     2     3     4     5     6     7     8     9
-------------------------------------------------------------------------
precision |  1.000 0.875 0.795 0.975 1.000 1.000 0.981 0.979 1.000 0.973
   recall |  1.000 0.827 1.000 0.991 0.966 0.889 0.990 0.855 1.000 0.982