Fold: 0
Performance: 0.5974842767295597
Run time: 144.962357311

Fold: 1
Performance: 0.7610062893081762
Run time: 249.94752771

Fold: 2
Performance: 0.39622641509433965
Run time: 155.652585007

Fold: 3
Performance: 0.5471698113207547
Run time: 153.734065989

Fold: 4
Performance: 0.4779874213836478
Run time: 161.97059896

Fold: 5
Performance: 0.48427672955974843
Run time: 126.129401157

Fold: 6
Performance: 0.6792452830188679
Run time: 161.092971393

Fold: 7
Performance: 0.3333333333333333
Run time: 130.779356992

Fold: 8
Performance: 0.6163522012578616
Run time: 161.860094409

Fold: 9
Performance: 0.4968553459119497
Run time: 197.419292338

*****************************************************************
Error: 0.5389937106918239
Run time: 164.354825126

Confusion Matrix (Horizontal = Actual, Vertical = Expected)
   |      0     1     2     3     4     5     6     7     8     9
------------------------------------------------------------------
 0 |      0     0     0     0     0     0     0     0     0     0
 1 |      0     0     0     0     0     0     0     0     0     0
 2 |      0     0     0     0     0     0     0     0     0     0
 3 |      0     0     0     0     0     0     0     0     0     0
 4 |      0     0     0     0     0     0     0     0     0     0
 5 |      0     0     0     0     0     4     0     0     0     0
 6 |      1     0     0     0     3     0    36     0     0     0
 7 |      0     3     3    14     1     0     0    19     0     0
 8 |      0     0     5    10     0     5     0     0    18     0
 9 |      0     2     0    19     3    11     0     0     0     2


          |      0     1     2     3     4     5     6     7     8     9
-------------------------------------------------------------------------
precision |  0.000 0.000 0.000 0.000 0.000 0.200 1.000 1.000 1.000 1.000
   recall |    NaN   NaN   NaN   NaN   NaN 1.000 0.900 0.475 0.474 0.054