Fold: 0
Performance: 0.553
Run time: 16.424133538

Fold: 1
Performance: 0.5415
Run time: 16.171985977

Fold: 2
Performance: 0.5675
Run time: 16.163549758

Fold: 3
Performance: 0.562
Run time: 16.12649107

Fold: 4
Performance: 0.554
Run time: 16.218062551

Fold: 5
Performance: 0.5495
Run time: 16.09698764

Fold: 6
Performance: 0.5695
Run time: 16.234617027

Fold: 7
Performance: 0.5705
Run time: 16.050247427

Fold: 8
Performance: 0.5495
Run time: 16.040059789

Fold: 9
Performance: 0.5455
Run time: 16.040089835

*****************************************************************
Error: 0.5562500000000001
Run time: 16.156622461

Confusion Matrix (Horizontal = Actual, Vertical = Expected)
   |      A     B     C     D     E     F     G     H     I     J     K     L     M     N     O     P     Q     R     S     T     U     V     W     X     Y     Z
------------------------------------------------------------------------------------------------------------------------------------------------------------------
 A |     72     0     0     0     0     0     0     0     0     0     0     0     3     0     0     0     0     0     1     1     0     0     0     0     2     0
 B |      2    40     0     0     0     1     0     1     3     0     0     1     6     0     0     6     2     3     2     0     0     0     1     0     0     3
 C |      0     0    59     0     1     0     3     0     0     0     1     0     2     1     0     0     0     0     0     0     0     0     8     0     0     0
 D |      2     1     0    46     0     0     0     0     1     7     0     0     6     0     0     6     0     0     1     1     2     0     0     0     0     1
 E |      0    10    19     0    16     1     4     0     3     2     1     0     1     0     0     0     2     4     2     0     0     0     2     0     0    11
 F |      0     2     0     0     0    42     1     0     0     0     0     0     1     0     0    25     1     0     0     2     0     0     6     0     0     0
 G |      5     7    32     0     1     0     4     0     0     1     0     4     3     0     0     0    14     7     2     0     0     0     1     0     0     0
 H |      6     0     1     5     0     3     0    10     0     1     1     0    17     5     0     2     3     1     0     1     6     1     3     1     0     0
 I |      2     0     0     0     0     1     0     0    59     4     0     1     1     0     0     4     2     0     0     2     0     0     0     0     0     1
 J |     11     0     0     0     0     0     0     0     2    50     0     0     1     0     0     3     4     0     0     0     2     0     0     0     0     0
 K |      2     2    13     1     2     0     0     0     1     0    19     7     5     1     0     0     2     6     0     0     0     0     7     1     0     0
 L |      8     7     1     0     0     0     0     0     0     0     0    52     0     0     0     0     3     0     1     0     0     0     6     0     0     0
 M |      1     0     0     0     0     0     0     0     0     0     0     0    64     3     0     1     0     1     0     0     0     0     3     0     0     0
 N |      1     0     0     1     0     1     0     0     0     0     0     2    25    36     0     0     0     0     0     0     0     1    17     0     1     0
 O |      8     0     3     5     0     0     0     7     0    13     0     2     1     8     2     6     3     0     1     1     3     0     8     0     0     2
 P |      0     3     0     2     0     1     0     0     1     0     0     0     0     0     0    68     3     0     0     0     0     0     2     0     4     0
 Q |      7     8     0     1     0     0     0     0     0     1     0     1     1     4     0     0    40     1     4     0     0     0     3     0     0     1
 R |      2     5     0     2     0     0     0     0     0     2     0     2    11     0     0     0     1    49     0     0     0     0     5     0     0     0
 S |      7     4     0     0     2     2     0     0     0     1     0     2     0     0     0     3     1     2    22     0     1     0     0     1     3    20
 T |      0     0     0     0     0     3     0     0     1     1     0     0     8     0     0     4     0     0     0    71     3     0     1     0     0     2
 U |      1     0     5     0     0     0     0     3     1     0     0     3     9     4     0     0     0     0     0     0    59     0     6     0     0     0
 V |      0     2     0     0     0     2     0     0     0     0     0     0     0     0     0     2     0     0     0     1     1    47    13     0     3     0
 W |      1     0     0     0     0     0     0     0     0     0     0     0     9     0     0     0     0     0     0     0     0     0    59     0     0     0
 X |     22     3     0     0     0     0     0     0     6     2     0     0     7     0     0     0     2     0     4     1     4     0     5    15     2    13
 Y |      0     0     0     0     0     8     0     0     0     0     0     0     0     0     0     2     4     0     0     3     2    20     0     0    29     0
 Z |      5     0     0     0     0     1     0     0     0     4     0     0     1     0     0     0     6     0     4     0     0     0     0     0     0    61


          |      A     B     C     D     E     F     G     H     I     J     K     L     M     N     O     P     Q     R     S     T     U     V     W     X     Y     Z
-------------------------------------------------------------------------------------------------------------------------------------------------------------------------
precision |  0.436 0.426 0.444 0.730 0.727 0.636 0.333 0.476 0.756 0.562 0.864 0.675 0.352 0.581 1.000 0.515 0.430 0.662 0.500 0.845 0.711 0.681 0.378 0.833 0.659 0.530
   recall |  0.911 0.563 0.787 0.622 0.205 0.525 0.049 0.149 0.766 0.685 0.275 0.667 0.877 0.424 0.027 0.810 0.556 0.620 0.310 0.755 0.648 0.662 0.855 0.174 0.426 0.744