Fold: 0
Performance: 0.9359430604982206
Run time: 35.950080162

Fold: 1
Performance: 0.9359430604982206
Run time: 35.878920129

Fold: 2
Performance: 0.9252669039145908
Run time: 36.217800889

Fold: 3
Performance: 0.9145907473309609
Run time: 35.954358947

Fold: 4
Performance: 0.9252669039145908
Run time: 35.954876438

Fold: 5
Performance: 0.9306049822064056
Run time: 35.96964303

Fold: 6
Performance: 0.9448398576512456
Run time: 35.878291496

Fold: 7
Performance: 0.9181494661921709
Run time: 36.210617851

Fold: 8
Performance: 0.9074733096085409
Run time: 35.748150858

Fold: 9
Performance: 0.9145907473309609
Run time: 35.813290021

*****************************************************************
Error: 0.9252669039145907
Run time: 35.957602982

Confusion Matrix (Horizontal = Actual, Vertical = Expected)
   |      0     1     2     3     4     5     6     7     8     9
------------------------------------------------------------------
 0 |     55     0     0     0     0     0     0     0     0     0
 1 |      0    51     0     0     0     0     0     0     2     5
 2 |      3     0    49     1     0     0     1     0     0     0
 3 |      0     1     0    52     0     2     0     1     1     0
 4 |      1     0     0     0    55     0     0     0     1     2
 5 |      0     0     0     1     0    54     1     0     0     0
 6 |      0     0     1     0     0     0    56     0     0     0
 7 |      0     0     0     0     0     1     0    55     1     0
 8 |      0     1     0     2     0     3     1     0    41     5
 9 |      5     1     0     0     0     2     0     1     1    46


          |      0     1     2     3     4     5     6     7     8     9
-------------------------------------------------------------------------
precision |  0.859 0.944 0.980 0.929 1.000 0.871 0.949 0.965 0.872 0.793
   recall |  1.000 0.879 0.907 0.912 0.932 0.964 0.982 0.965 0.774 0.821