Fold: 0
Performance: 0.9377224199288257
Run time: 23.15989873

Fold: 1
Performance: 0.9448398576512456
Run time: 22.760479931

Fold: 2
Performance: 0.9270462633451957
Run time: 22.673825201

Fold: 3
Performance: 0.9145907473309609
Run time: 22.676244634

Fold: 4
Performance: 0.9252669039145908
Run time: 22.674322565

Fold: 5
Performance: 0.9323843416370107
Run time: 22.704213967

Fold: 6
Performance: 0.9466192170818505
Run time: 22.690357215

Fold: 7
Performance: 0.9234875444839857
Run time: 22.858723086

Fold: 8
Performance: 0.9181494661921709
Run time: 22.651443551

Fold: 9
Performance: 0.9145907473309609
Run time: 22.664179557

*****************************************************************
Error: 0.9284697508896798
Run time: 22.751368843

Confusion Matrix (Horizontal = Actual, Vertical = Expected)
   |      0     1     2     3     4     5     6     7     8     9
------------------------------------------------------------------
 0 |     55     0     0     0     0     0     0     0     0     0
 1 |      0    51     0     0     0     0     0     0     2     5
 2 |      1     2    49     1     0     0     1     0     0     0
 3 |      0     1     0    52     0     2     0     1     1     0
 4 |      1     0     0     0    55     0     0     0     1     2
 5 |      0     0     0     1     0    54     1     0     0     0
 6 |      0     0     1     0     0     0    56     0     0     0
 7 |      0     0     0     0     0     1     0    55     1     0
 8 |      0     1     0     2     0     3     1     0    41     5
 9 |      5     1     0     0     0     2     0     1     1    46


          |      0     1     2     3     4     5     6     7     8     9
-------------------------------------------------------------------------
precision |  0.887 0.911 0.980 0.929 1.000 0.871 0.949 0.965 0.872 0.793
   recall |  1.000 0.879 0.907 0.912 0.932 0.964 0.982 0.965 0.774 0.821