527 / 562
Fold: 0
Performance: 0.9377224199288257
Run time: 44.827636493
531 / 562
Fold: 1
Performance: 0.9448398576512456
Run time: 44.728004054
521 / 562
Fold: 2
Performance: 0.9270462633451957
Run time: 44.55093009
514 / 562
Fold: 3
Performance: 0.9145907473309609
Run time: 45.044866866
520 / 562
Fold: 4
Performance: 0.9252669039145908
Run time: 45.416732561
524 / 562
Fold: 5
Performance: 0.9323843416370107
Run time: 45.318402167
532 / 562
Fold: 6
Performance: 0.9466192170818505
Run time: 45.002094593
519 / 562
Fold: 7
Performance: 0.9234875444839857
Run time: 44.674033294
516 / 562
Fold: 8
Performance: 0.9181494661921709
Run time: 44.581521114
514 / 562
Fold: 9
Performance: 0.9145907473309609
Run time: 44.594112223
*****************************************************************
Error: 0.9284697508896798
Run time: 4.4873833345E10
   |     0    1    2    3    4    5    6    7    8    9
-------------------------------------------------------
 0 |    55    0    0    0    0    0    0    0    0    0
 1 |     0   51    0    0    0    0    0    0    2    5
 2 |     1    2   49    1    0    0    1    0    0    0
 3 |     0    1    0   52    0    2    0    1    1    0
 4 |     1    0    0    0   55    0    0    0    1    2
 5 |     0    0    0    1    0   54    1    0    0    0
 6 |     0    0    1    0    0    0   56    0    0    0
 7 |     0    0    0    0    0    1    0   55    1    0
 8 |     0    1    0    2    0    3    1    0   41    5
 9 |     5    1    0    0    0    2    0    1    1   46
