Fold: 0
Performance: 0.6478616924476797
Run time: 3.982657911

Fold: 1
Performance: 0.6369426751592356
Run time: 3.480677792

Fold: 2
Performance: 0.643312101910828
Run time: 3.392200756

Fold: 3
Performance: 0.6906278434940856
Run time: 3.382453598

Fold: 4
Performance: 0.6487716105550501
Run time: 3.397842988

Fold: 5
Performance: 0.6396724294813467
Run time: 3.392630735

Fold: 6
Performance: 0.6314831665150137
Run time: 3.402504787

Fold: 7
Performance: 0.5905368516833485
Run time: 3.421762528

Fold: 8
Performance: 0.6041856232939036
Run time: 3.391230825

Fold: 9
Performance: 0.5896269335759782
Run time: 3.419581713

*****************************************************************
Error: 0.632302092811647
Run time: 3.466354363

Confusion Matrix (Horizontal = Actual, Vertical = Expected)
   |      0     1     2     3     4     5     6     7     8     9
------------------------------------------------------------------
 0 |    101     5     0     0     0     0     0     0     0     0
 1 |      0    57    25     0     0    11     9     2     0     6
 2 |      0     4   114     0     1     0     0     1     0     0
 3 |      0     0     0   115     0     0     0     1     0     0
 4 |      0     0     0     0   113     2     3     0     0     0
 5 |     44     8     6    16     0    16     0     1     0     8
 6 |     34     0    28     0     0     2    41     0     0     0
 7 |      0    27    51    18     5     0     0     8     1     0
 8 |     63     7    32     2     0     0     0     0     0     0
 9 |      0    13     0     8     1     5     0     1     0    83


          |      0     1     2     3     4     5     6     7     8     9
-------------------------------------------------------------------------
precision |  0.417 0.471 0.445 0.723 0.942 0.444 0.774 0.571 0.000 0.856
   recall |  0.953 0.518 0.950 0.991 0.958 0.162 0.390 0.073 0.000 0.748