Fold: 0
Performance: 0.8867924528301887
Run time: 6.828886524

Fold: 1
Performance: 0.9056603773584906
Run time: 6.456646818

Fold: 2
Performance: 0.8364779874213837
Run time: 6.564103305

Fold: 3
Performance: 0.8742138364779874
Run time: 6.54141215

Fold: 4
Performance: 0.8553459119496856
Run time: 6.527298403

Fold: 5
Performance: 0.9245283018867925
Run time: 6.524350686

Fold: 6
Performance: 0.9056603773584906
Run time: 6.529837728

Fold: 7
Performance: 0.8490566037735849
Run time: 6.490618353

Fold: 8
Performance: 0.8238993710691824
Run time: 6.455653258

Fold: 9
Performance: 0.7924528301886793
Run time: 6.492751036

*****************************************************************
Error: 0.8654088050314466
Run time: 6.541155826

Confusion Matrix (Horizontal = Actual, Vertical = Expected)
   |      0     1     2     3     4     5     6     7     8     9
------------------------------------------------------------------
 0 |      0     0     0     0     0     0     0     0     0     0
 1 |      0     0     0     0     0     0     0     0     0     0
 2 |      0     0     0     0     0     0     0     0     0     0
 3 |      0     0     0     0     0     0     0     0     0     0
 4 |      0     0     0     0     0     0     0     0     0     0
 5 |      0     0     0     0     0     4     0     0     0     0
 6 |      1     0     2     0     0     0    37     0     0     0
 7 |      0     4     0     2     2     0     0    31     0     1
 8 |      0     2     2     2     0     1     2     0    28     1
 9 |      3     1     1     2     0     0     0     0     4    26


          |      0     1     2     3     4     5     6     7     8     9
-------------------------------------------------------------------------
precision |  0.000 0.000 0.000 0.000 0.000 0.800 0.949 1.000 0.875 0.929
   recall |    NaN   NaN   NaN   NaN   NaN 1.000 0.925 0.775 0.737 0.703