Fold: 0
Performance: 0.8930817610062893
Run time: 564.607017756

Fold: 1
Performance: 0.8679245283018868
Run time: 581.605431152

Fold: 2
Performance: 0.7987421383647799
Run time: 545.126165814

Fold: 3
Performance: 0.8176100628930818
Run time: 512.078658992

Fold: 4
Performance: 0.8364779874213837
Run time: 514.724541113

Fold: 5
Performance: 0.9182389937106918
Run time: 511.457971761

Fold: 6
Performance: 0.8616352201257862
Run time: 508.335160597

Fold: 7
Performance: 0.7735849056603774
Run time: 514.338079728

Fold: 8
Performance: 0.8050314465408805
Run time: 505.064646175

Fold: 9
Performance: 0.7358490566037735
Run time: 511.774318305

*****************************************************************
Error: 0.830817610062893
Run time: 526.911199139

Confusion Matrix (Horizontal = Actual, Vertical = Expected)
   |      0     1     2     3     4     5     6     7     8     9
------------------------------------------------------------------
 0 |      0     0     0     0     0     0     0     0     0     0
 1 |      0     0     0     0     0     0     0     0     0     0
 2 |      0     0     0     0     0     0     0     0     0     0
 3 |      0     0     0     0     0     0     0     0     0     0
 4 |      0     0     0     0     0     0     0     0     0     0
 5 |      0     0     0     0     0     4     0     0     0     0
 6 |      1     1     2     0     1     0    34     0     1     0
 7 |      0     3     0     3     2     1     0    30     1     0
 8 |      0     2     2     1     0     0     2     1    28     2
 9 |      3     1     1     3     0     2     0     0     6    21


          |      0     1     2     3     4     5     6     7     8     9
-------------------------------------------------------------------------
precision |  0.000 0.000 0.000 0.000 0.000 0.571 0.944 0.968 0.778 0.913
   recall |    NaN   NaN   NaN   NaN   NaN 1.000 0.850 0.750 0.737 0.568