Fold: 0
Performance: 0.5285
Run time: 311.483070971

Fold: 1
Performance: 0.5515
Run time: 249.705909963

Fold: 2
Performance: 0.523
Run time: 278.205545326

Fold: 3
Performance: 0.4915
Run time: 276.212994694

Fold: 4
Performance: 0.5645
Run time: 272.374108392

Fold: 5
Performance: 0.5135
Run time: 266.019753646

Fold: 6
Performance: 0.4895
Run time: 285.817584849

Fold: 7
Performance: 0.5115
Run time: 283.670342781

Fold: 8
Performance: 0.4655
Run time: 277.879748874

Fold: 9
Performance: 0.5295
Run time: 280.504623876

*****************************************************************
Error: 0.5168499999999999
Run time: 278.187368337

Confusion Matrix (Horizontal = Actual, Vertical = Expected)
   |      A     B     C     D     E     F     G     H     I     J     K     L     M     N     O     P     Q     R     S     T     U     V     W     X     Y     Z
------------------------------------------------------------------------------------------------------------------------------------------------------------------
 A |     61     0     0     0     0     0     0     2     0     0     0     0     0     0     2     0     9     0     3     0     0     0     0     0     2     0
 B |      0    25     0     1     0     3     1     1     0     0     0     0     0     0     0     0     1     0    39     0     0     0     0     0     0     0
 C |      0     0    20     0    31     0     8     1     0     0     0     0     0     0     1     0    11     0     1     0     1     1     0     0     0     0
 D |      0     4     0    41     0     3     1     0     0     0     0     0     0     1     9     1     2     0    12     0     0     0     0     0     0     0
 E |      0     0     0     0    16     1     2     0     0     0     0     0     0     0     0     0     5     0    48     0     0     0     0     4     0     2
 F |      0     0     0     0     0    55     2     5     0     0     0     0     0     1     0     1     0     0     5    11     0     0     0     0     0     0
 G |      0     0     0     0     2     0    28     1     0     0     0     0     1     0     0     0    20     0    29     0     0     0     0     0     0     0
 H |      0     1     0     1     1     0     9    13     0     0     1     0     0     2     3     0    20     0     9     1     5     1     0     0     0     0
 I |      0     0     0     0     1     9     2     0    56     0     0     0     0     0     0     0     0     0     8     0     0     0     0     0     0     1
 J |      0     0     0     0     0     6     1     2     3    47     0     0     0     0     2     0     1     0    11     0     0     0     0     0     0     0
 K |      0     0     0     0    14     0     6     3     0     0     3     0     0     0     1     0    15     2    12     0     6     1     0     6     0     0
 L |      0     0     0     1     0     0     4     5     0     1     0    43     0     0     2     0     1     0    17     0     1     0     0     3     0     0
 M |      3     0     0     0     0     0     4     5     0     0     2     0    51     5     0     0     0     0     0     0     2     0     1     0     0     0
 N |      1     0     0     0     0     2     1     5     0     0     7     0     0    49     6     1     9     0     0     0     1     0     0     3     0     0
 O |      0     0     0     4     0     0     2     6     0     0     0     0     0     0    17     1    36     0     6     0     0     1     0     0     0     0
 P |      0     1     0     1     0     9     0     1     0     0     0     0     0     0     1    59     2     0     2     2     0     3     0     0     3     0
 Q |      0     2     0     0     0     0     0     0     0     0     0     0     0     0     4     0    54     0    11     1     0     0     0     0     0     0
 R |      0     1     0     0     2     0     3     3     0     0     3     0     0     0     3     0     1    14    49     0     0     0     0     0     0     0
 S |      0     2     1     1     0     1     1     0     0     0     0     0     0     0     1     0     1     0    52     0     0     0     0     3     1     7
 T |      0     0     0     1     0     1     2     3     0     0     0     0     0     0     5     0     1     0     5    71     0     0     0     2     3     0
 U |      0     0     1     0     0     0     8     3     0     0     0     0     0     1     6     0     9     0     0     0    63     0     0     0     0     0
 V |      0     0     0     0     2     0     1     2     0     0     0     0     0     0     1     1     0     0     1     3     0    55     0     0     5     0
 W |      1     0     0     0     0     0     4     2     0     0     3     0     0     0     1     1     1     0     0     0     0     2    54     0     0     0
 X |      0     0     0     0     2     0     0     2     0     0     0     0     0     0     1     0     6     0    41     1     7     0     0    25     0     1
 Y |      0     0     0     0     0     1     0     1     0     0     0     0     0     0     6     0     1     0     1    16     0    10     0     0    32     0
 Z |      0     0     0     0     0     2     0     0     0     0     0     0     0     0     0     0     5     0    18     0     0     0     0     2     0    55


          |      A     B     C     D     E     F     G     H     I     J     K     L     M     N     O     P     Q     R     S     T     U     V     W     X     Y     Z
-------------------------------------------------------------------------------------------------------------------------------------------------------------------------
precision |  0.924 0.694 0.909 0.804 0.225 0.591 0.311 0.197 0.949 0.979 0.158 1.000 0.981 0.831 0.236 0.908 0.256 0.875 0.137 0.670 0.733 0.743 0.982 0.521 0.696 0.833
   recall |  0.772 0.352 0.267 0.554 0.205 0.688 0.346 0.194 0.727 0.644 0.043 0.551 0.699 0.576 0.233 0.702 0.750 0.177 0.732 0.755 0.692 0.775 0.783 0.291 0.471 0.671