Fold: 0
Performance: 0.895017793594306
Run time: 74.573029886

Fold: 1
Performance: 0.8932384341637011
Run time: 67.778726901

Fold: 2
Performance: 0.900355871886121
Run time: 60.665444407

Fold: 3
Performance: 0.9092526690391459
Run time: 58.651309656

Fold: 4
Performance: 0.8932384341637011
Run time: 58.291686357

Fold: 5
Performance: 0.8896797153024911
Run time: 60.659941903

Fold: 6
Performance: 0.9288256227758007
Run time: 58.924271515

Fold: 7
Performance: 0.8647686832740213
Run time: 59.339722924

Fold: 8
Performance: 0.8985765124555161
Run time: 58.904906426

Fold: 9
Performance: 0.9092526690391459
Run time: 57.86759541

*****************************************************************
Error: 0.8982206405693949
Run time: 61.565663538

Confusion Matrix (Horizontal = Actual, Vertical = Expected)
   |      0     1     2     3     4     5     6     7     8     9
------------------------------------------------------------------
 0 |     54     0     0     0     1     0     0     0     0     0
 1 |      0    46     0     0     0     2     0     0     3     7
 2 |      1     0    49     0     0     0     0     0     0     4
 3 |      0     2     0    48     0     1     0     2     2     2
 4 |      1     0     0     0    55     0     0     0     3     0
 5 |      0     0     0     0     0    56     0     0     0     0
 6 |      0     4     0     0     1     0    52     0     0     0
 7 |      0     0     0     0     3     0     0    53     0     1
 8 |      0     3     0     0     0     2     0     0    45     3
 9 |      1     0     0     0     0     2     0     0     0    53


          |      0     1     2     3     4     5     6     7     8     9
-------------------------------------------------------------------------
precision |  0.947 0.836 1.000 1.000 0.917 0.889 1.000 0.964 0.849 0.757
   recall |  0.982 0.793 0.907 0.842 0.932 1.000 0.912 0.930 0.849 0.946