Fold: 0
Performance: 0.9099181073703366
Run time: 65.192017038

Fold: 1
Performance: 0.8753412192902639
Run time: 67.223481335

Fold: 2
Performance: 0.8962693357597816
Run time: 66.643442561

Fold: 3
Performance: 0.816196542311192
Run time: 65.853495955

Fold: 4
Performance: 0.908098271155596
Run time: 63.906796407

Fold: 5
Performance: 0.8744313011828936
Run time: 64.976387922

Fold: 6
Performance: 0.9308462238398544
Run time: 66.439786049

Fold: 7
Performance: 0.9381255686988171
Run time: 65.456386031

Fold: 8
Performance: 0.9381255686988171
Run time: 67.656178568

Fold: 9
Performance: 0.9044585987261147
Run time: 68.004571952

*****************************************************************
Error: 0.8991810737033665
Run time: 66.135254381

Confusion Matrix (Horizontal = Actual, Vertical = Expected)
   |      0     1     2     3     4     5     6     7     8     9
------------------------------------------------------------------
 0 |    104     0     0     0     0     0     0     0     2     0
 1 |      0    85    24     1     0     0     0     0     0     0
 2 |      0     1   119     0     0     0     0     0     0     0
 3 |      0     0     0   108     0     4     0     0     0     4
 4 |      0     0     1     0   111     4     1     0     0     1
 5 |      0     0     0     3     0    90     0     0     6     0
 6 |      0     1     0     0     0     0   104     0     0     0
 7 |      0     7    20     1     0     0     0    73     2     7
 8 |      2     0     0     0     0     0     0     0   102     0
 9 |      0     0     2     2     1     8     0     0     0    98


          |      0     1     2     3     4     5     6     7     8     9
-------------------------------------------------------------------------
precision |  0.981 0.904 0.717 0.939 0.991 0.849 0.990 1.000 0.911 0.891
   recall |  0.981 0.773 0.992 0.931 0.941 0.909 0.990 0.664 0.981 0.883