Fold: 0
Performance: 0.8490566037735849
Run time: 26.061288399

Fold: 1
Performance: 0.7987421383647799
Run time: 27.393430918

Fold: 2
Performance: 0.8553459119496856
Run time: 27.27891688

Fold: 3
Performance: 0.8427672955974843
Run time: 26.895384026

Fold: 4
Performance: 0.8490566037735849
Run time: 28.36099916

Fold: 5
Performance: 0.7987421383647799
Run time: 27.574924455

Fold: 6
Performance: 0.8364779874213837
Run time: 27.235235453

Fold: 7
Performance: 0.8113207547169812
Run time: 27.256550072

Fold: 8
Performance: 0.8113207547169812
Run time: 27.703975468

Fold: 9
Performance: 0.8427672955974843
Run time: 28.142256912

*****************************************************************
Error: 0.829559748427673
Run time: 27.390296174

Confusion Matrix (Horizontal = Actual, Vertical = Expected)
   |      0     1     2     3     4     5     6     7     8     9
------------------------------------------------------------------
 0 |     17     0     0     0     1     0     0     0     0     0
 1 |      0    13     2     0     1     0     0     4     0     1
 2 |      0     0    12     0     0     0     0     0     2     1
 3 |      0     0     0    14     0     0     0     0     0     2
 4 |      0     1     1     0     9     0     0     0     0     0
 5 |      0     0     0     0     0    12     2     1     0     0
 6 |      0     0     0     0     0     0    15     0     1     0
 7 |      0     0     0     0     0     0     0    16     0     1
 8 |      0     0     1     0     0     0     0     0    16     3
 9 |      0     0     0     0     0     0     0     0     0    10


          |      0     1     2     3     4     5     6     7     8     9
-------------------------------------------------------------------------
precision |  1.000 0.929 0.750 1.000 0.818 1.000 0.882 0.762 0.842 0.556
   recall |  0.944 0.619 0.800 0.875 0.818 0.800 0.938 0.941 0.800 1.000